# Created by Octave 5.1.0, Mon May 20 23:16:53 2019 GMT <unknown@DESKTOP-377UC4E>
# name: Theta1
# type: matrix
# rows: 8
# columns: 9
 5.1709817837459466 -2.2825572861791574 -1.7694038460828871 -1.2769769964392699 -0.1976909145227331 -4.0844042004464409 -3.1578389833244191 -1.9338507323632688 3.0621842730425328
 -4.2921560639997391 -1.8838704487444675 -2.0147742302147922 -0.28413357017276192 -1.4848272985271924 0.027013539909258758 -4.6879938160780439 0.10792801315567975 1.2483580996501773
 -0.48467138624015788 0.017079348455806227 -1.915744823551597 -0.44055304184655886 0.62284730444659075 1.650814031269074 0.48797048905134971 -0.60611758675395433 -1.3146476501802182
 1.7099661918655018 2.2711095101321344 -0.8815968387783103 0.68085743211202154 3.1403570298929702 -1.6726705398452781 2.9543588088966386 1.0873581452885941 -1.6001252367040772
 -1.8605130693315153 -1.324608367201227 -0.055338971107786655 2.1257072975207212 -2.108577926127658 1.1664072423695722 2.3221640006856932 1.5306905087566909 -3.3254765405296243
 1.9243665464298461 2.0968285105728639 0.30480786228359247 -1.8950636222395627 1.3551599908366514 -0.72810970505162531 -3.9767585921854556 -2.8701396927494085 0.87033928632356583
 -0.99830645713373933 2.1008760615480679 0.421852489935307 -1.0662613633498317 2.072722514631455 -1.5745436619700082 2.1054887648965774 0.40707899925242996 -1.2974721673448339
 1.237927563230061 -3.5500486762834136 -0.89699307079582691 1.9222368732068584 -4.2987679138186374 2.9365662198248166 -2.8083122629815915 0.06893033025635395 -1.8600240953579308


# name: Theta2
# type: matrix
# rows: 1
# columns: 9
 6.348136649763501 -3.0579774819934764 -5.0032370561839388 -3.5284835908589942 -3.6127777509692822 -5.7375738931440523 -4.0173168920697044 5.5870739100825419 4.0637169129047424


